,query_results
0,32073.jpeg
1,9167.jpeg
2,11767.jpeg
3,17172.jpeg
4,41009.jpeg
5,14838.jpeg
6,53015.jpeg
7,13846.jpeg
8,23855.jpeg
9,52058.jpeg
10,16490.jpeg
11,21125.jpeg
12,46475.jpeg
13,2371.jpeg
14,19239.jpeg
15,19362.jpeg
16,54810.jpeg
17,14822.jpeg
18,14007.jpeg
19,16143.jpeg
20,17837.jpeg
21,48168.jpeg
22,29728.jpeg
23,42296.jpeg
24,10608.jpeg
25,46900.jpeg
26,23924.jpeg
27,45625.jpeg
28,35248.jpeg
29,1896.jpeg
30,19408.jpeg
31,40124.jpeg
32,27717.jpeg
33,2897.jpeg
34,54571.jpeg
35,33311.jpeg
36,14710.jpeg
37,33640.jpeg
38,9518.jpeg
39,11485.jpeg
40,41978.jpeg
41,10838.jpeg
42,29989.jpeg
43,35603.jpeg
44,21170.jpeg
45,35721.jpeg
46,14633.jpeg
47,42775.jpeg
48,47761.jpeg
49,4527.jpeg
50,2047.jpeg
51,34967.jpeg
52,43447.jpeg
53,12608.jpeg
54,36443.jpeg
55,853.jpeg
56,30714.jpeg
57,32692.jpeg
58,47026.jpeg
59,12137.jpeg
60,1118.jpeg
61,12073.jpeg
62,7582.jpeg
63,2549.jpeg
64,7804.jpeg
65,22545.jpeg
66,54979.jpeg
67,42724.jpeg
68,47686.jpeg
69,423.jpeg
70,6370.jpeg
71,54746.jpeg
72,22594.jpeg
73,4809.jpeg
74,31978.jpeg
75,15299.jpeg
76,49899.jpeg
77,17952.jpeg
78,28622.jpeg
79,8222.jpeg
80,16123.jpeg
81,17736.jpeg
82,31230.jpeg
83,40975.jpeg
84,35929.jpeg
85,8585.jpeg
86,9296.jpeg
87,32272.jpeg
88,41580.jpeg
89,33078.jpeg
90,39254.jpeg
91,28210.jpeg
92,23353.jpeg
93,30903.jpeg
94,15227.jpeg
95,50724.jpeg
96,25709.jpeg
97,9475.jpeg
98,34781.jpeg
99,10576.jpeg
100,22654.jpeg
101,16100.jpeg
102,40186.jpeg
103,4758.jpeg
104,51229.jpeg
105,30522.jpeg
106,41648.jpeg
107,47062.jpeg
108,33453.jpeg
109,42712.jpeg
110,49082.jpeg
111,33310.jpeg
112,17852.jpeg
113,20082.jpeg
114,21224.jpeg
115,46628.jpeg
116,4886.jpeg
117,19891.jpeg
118,27884.jpeg
119,38405.jpeg
120,18999.jpeg
121,52486.jpeg
122,17569.jpeg
123,21564.jpeg
124,39369.jpeg
125,53463.jpeg
126,22178.jpeg
127,32075.jpeg
128,7002.jpeg
129,20705.jpeg
130,3807.jpeg
131,40881.jpeg
132,46348.jpeg
133,32112.jpeg
134,8904.jpeg
135,40546.jpeg
136,54139.jpeg
137,12879.jpeg
138,45302.jpeg
139,14309.jpeg
140,48084.jpeg
141,21895.jpeg
142,36897.jpeg
143,14300.jpeg
144,18901.jpeg
145,51563.jpeg
146,20982.jpeg
147,35759.jpeg
148,11556.jpeg
149,35808.jpeg
150,11572.jpeg
151,32286.jpeg
152,9079.jpeg
153,37558.jpeg
154,6132.jpeg
155,23740.jpeg
156,900.jpeg
157,18830.jpeg
158,888.jpeg
159,27618.jpeg
160,30165.jpeg
161,54929.jpeg
162,14783.jpeg
163,50240.jpeg
164,38445.jpeg
165,362.jpeg
166,17804.jpeg
167,29395.jpeg
168,37008.jpeg
169,53337.jpeg
170,27716.jpeg
171,3875.jpeg
172,28449.jpeg
173,5392.jpeg
174,33373.jpeg
175,4776.jpeg
176,46969.jpeg
177,7179.jpeg
178,4611.jpeg
179,46839.jpeg
180,37860.jpeg
181,8425.jpeg
182,15405.jpeg
183,16912.jpeg
184,39134.jpeg
185,8913.jpeg
186,3788.jpeg
187,46304.jpeg
188,29948.jpeg
189,29023.jpeg
190,26832.jpeg
191,708.jpeg
192,37947.jpeg
193,20027.jpeg
194,39186.jpeg
195,38494.jpeg
196,42648.jpeg
197,39495.jpeg
198,30135.jpeg
199,24921.jpeg
200,10272.jpeg
201,2740.jpeg
202,1504.jpeg
203,50593.jpeg
204,11157.jpeg
205,10215.jpeg
206,691.jpeg
207,32275.jpeg
208,48076.jpeg
209,41915.jpeg
210,7511.jpeg
211,30171.jpeg
212,23449.jpeg
213,14262.jpeg
214,3578.jpeg
215,12655.jpeg
216,41627.jpeg
217,9799.jpeg
218,26710.jpeg
219,26572.jpeg
220,37723.jpeg
221,10829.jpeg
222,38754.jpeg
223,52580.jpeg
224,42342.jpeg
225,25689.jpeg
226,20886.jpeg
227,7936.jpeg
228,20380.jpeg
229,11798.jpeg
230,16582.jpeg
231,23240.jpeg
232,27882.jpeg
233,46441.jpeg
234,41700.jpeg
235,28349.jpeg
236,43651.jpeg
237,35464.jpeg
238,11230.jpeg
239,43712.jpeg
240,4202.jpeg
241,12074.jpeg
242,25349.jpeg
243,53384.jpeg
244,18984.jpeg
245,26161.jpeg
246,34747.jpeg
247,32560.jpeg
248,40135.jpeg
249,21632.jpeg
250,5492.jpeg
251,42184.jpeg
252,41380.jpeg
253,30603.jpeg
254,22699.jpeg
255,26757.jpeg
256,46018.jpeg
257,45085.jpeg
258,13925.jpeg
259,41369.jpeg
260,9677.jpeg
261,25403.jpeg
262,43111.jpeg
263,51471.jpeg
264,37414.jpeg
265,43698.jpeg
266,29006.jpeg
267,40519.jpeg
268,12406.jpeg
269,43041.jpeg
270,52690.jpeg
271,25225.jpeg
272,1831.jpeg
273,10631.jpeg
274,12274.jpeg
275,19465.jpeg
276,51356.jpeg
277,22125.jpeg
278,17966.jpeg
279,22116.jpeg
280,2380.jpeg
281,9811.jpeg
282,23622.jpeg
283,33740.jpeg
284,46386.jpeg
285,8430.jpeg
286,25577.jpeg
287,41240.jpeg
288,35440.jpeg
289,38688.jpeg
290,34526.jpeg
291,49209.jpeg
292,10218.jpeg
293,15116.jpeg
294,32420.jpeg
295,49995.jpeg
296,10588.jpeg
297,4887.jpeg
298,8306.jpeg
299,1848.jpeg
300,43958.jpeg
301,21111.jpeg
302,11857.jpeg
303,41379.jpeg
304,35934.jpeg
305,51908.jpeg
306,42417.jpeg
307,18774.jpeg
308,29577.jpeg
309,53943.jpeg
310,15993.jpeg
311,14165.jpeg
312,26866.jpeg
313,9963.jpeg
314,47575.jpeg
315,5723.jpeg
316,5713.jpeg
317,24613.jpeg
318,37140.jpeg
319,43209.jpeg
320,45353.jpeg
321,52692.jpeg
322,35599.jpeg
323,50631.jpeg
324,33996.jpeg
325,4900.jpeg
326,24476.jpeg
327,39655.jpeg
328,40450.jpeg
329,35497.jpeg
330,27324.jpeg
331,48015.jpeg
332,34330.jpeg
333,10667.jpeg
334,29644.jpeg
335,3214.jpeg
336,37627.jpeg
337,44784.jpeg
338,24529.jpeg
339,27351.jpeg
340,6251.jpeg
341,51307.jpeg
342,7282.jpeg
343,5748.jpeg
344,43603.jpeg
345,3365.jpeg
346,21286.jpeg
347,20314.jpeg
348,34369.jpeg
349,13494.jpeg
350,20091.jpeg
351,8703.jpeg
352,49055.jpeg
353,20050.jpeg
354,15539.jpeg
355,31297.jpeg
356,27628.jpeg
357,35649.jpeg
358,38951.jpeg
359,29032.jpeg
360,22791.jpeg
361,12806.jpeg
362,26652.jpeg
363,11541.jpeg
364,21634.jpeg
365,53005.jpeg
366,7425.jpeg
367,23930.jpeg
368,43673.jpeg
369,34447.jpeg
370,19853.jpeg
371,2065.jpeg
372,39682.jpeg
373,35224.jpeg
374,11589.jpeg
375,9570.jpeg
376,38978.jpeg
377,51255.jpeg
378,3700.jpeg
379,4204.jpeg
380,13252.jpeg
381,36403.jpeg
382,2031.jpeg
383,18005.jpeg
384,20658.jpeg
385,13901.jpeg
386,14681.jpeg
387,52998.jpeg
388,3359.jpeg
389,35840.jpeg
390,14388.jpeg
391,51674.jpeg
392,24711.jpeg
393,8442.jpeg
394,38180.jpeg
395,18108.jpeg
396,35178.jpeg
397,14859.jpeg
398,37267.jpeg
399,41475.jpeg
400,35826.jpeg
401,23977.jpeg
402,1554.jpeg
403,19413.jpeg
404,13527.jpeg
405,29362.jpeg
406,12600.jpeg
407,6603.jpeg
408,6512.jpeg
409,15111.jpeg
410,28116.jpeg
411,38534.jpeg
412,51130.jpeg
413,35084.jpeg
414,49918.jpeg
415,47731.jpeg
416,20646.jpeg
417,10657.jpeg
418,6390.jpeg
419,31869.jpeg
420,8784.jpeg
421,25274.jpeg
422,5001.jpeg
423,15595.jpeg
424,47567.jpeg
425,49891.jpeg
426,27057.jpeg
427,51501.jpeg
428,23151.jpeg
429,48479.jpeg
430,4368.jpeg
431,36117.jpeg
432,3913.jpeg
433,19160.jpeg
434,48791.jpeg
435,23983.jpeg
436,43185.jpeg
437,23506.jpeg
438,52292.jpeg
439,49182.jpeg
440,33605.jpeg
441,35972.jpeg
442,9552.jpeg
443,40474.jpeg
444,23324.jpeg
445,16128.jpeg
446,34238.jpeg
447,40646.jpeg
448,16527.jpeg
449,23173.jpeg
450,22420.jpeg
451,15450.jpeg
452,36827.jpeg
453,28960.jpeg
454,35321.jpeg
455,34650.jpeg
456,18579.jpeg
457,894.jpeg
458,49970.jpeg
459,13257.jpeg
460,31082.jpeg
461,14339.jpeg
462,47021.jpeg
463,41196.jpeg
464,39937.jpeg
465,22087.jpeg
466,52584.jpeg
467,19135.jpeg
468,47097.jpeg
469,47972.jpeg
470,31371.jpeg
471,34882.jpeg
472,21100.jpeg
473,10862.jpeg
474,13552.jpeg
475,48000.jpeg
476,39543.jpeg
477,32753.jpeg
478,3084.jpeg
479,30931.jpeg
480,20940.jpeg
481,44960.jpeg
482,16685.jpeg
483,24588.jpeg
484,13036.jpeg
485,52903.jpeg
486,35724.jpeg
487,23312.jpeg
488,4407.jpeg
489,25033.jpeg
490,39076.jpeg
491,52295.jpeg
492,9960.jpeg
493,4036.jpeg
494,40388.jpeg
495,30882.jpeg
496,19409.jpeg
497,53905.jpeg
498,44334.jpeg
499,39446.jpeg
500,5698.jpeg
501,20405.jpeg
502,14803.jpeg
503,18248.jpeg
504,36439.jpeg
505,26263.jpeg
506,29626.jpeg
507,23063.jpeg
508,30476.jpeg
509,54601.jpeg
510,53978.jpeg
511,16339.jpeg
512,36446.jpeg
513,43219.jpeg
514,51071.jpeg
515,13802.jpeg
516,9956.jpeg
517,11436.jpeg
518,20761.jpeg
519,53277.jpeg
520,49445.jpeg
521,2627.jpeg
522,11732.jpeg
523,41813.jpeg
524,48425.jpeg
525,33420.jpeg
526,11277.jpeg
527,4306.jpeg
528,1310.jpeg
529,44198.jpeg
530,52993.jpeg
531,12375.jpeg
532,6294.jpeg
533,22728.jpeg
534,40960.jpeg
535,30527.jpeg
536,4984.jpeg
537,25920.jpeg
538,36459.jpeg
539,38655.jpeg
540,3532.jpeg
541,38092.jpeg
542,2787.jpeg
543,9345.jpeg
544,33786.jpeg
545,41509.jpeg
546,54282.jpeg
547,8656.jpeg
548,23537.jpeg
549,17962.jpeg
550,31406.jpeg
551,50300.jpeg
552,378.jpeg
553,32735.jpeg
554,2546.jpeg
555,57.jpeg
556,53329.jpeg
557,51995.jpeg
558,32969.jpeg
559,30110.jpeg
560,15054.jpeg
561,24473.jpeg
562,33232.jpeg
563,12049.jpeg
564,23659.jpeg
565,2731.jpeg
566,2912.jpeg
567,46535.jpeg
568,23046.jpeg
569,40215.jpeg
570,3101.jpeg
571,27009.jpeg
572,44289.jpeg
573,16.jpeg
574,54764.jpeg
575,23738.jpeg
576,15903.jpeg
577,11576.jpeg
578,49170.jpeg
579,17774.jpeg
580,11535.jpeg
581,26880.jpeg
582,21037.jpeg
583,34483.jpeg
584,35149.jpeg
585,36893.jpeg
586,13090.jpeg
587,23295.jpeg
588,36662.jpeg
589,25622.jpeg
590,33361.jpeg
591,29394.jpeg
592,32155.jpeg
593,24690.jpeg
594,21204.jpeg
595,25878.jpeg
596,2639.jpeg
597,16945.jpeg
598,25544.jpeg
599,43909.jpeg
600,21682.jpeg
601,41701.jpeg
602,1458.jpeg
603,10990.jpeg
604,29138.jpeg
605,39233.jpeg
606,28980.jpeg
607,19773.jpeg
608,30936.jpeg
609,16794.jpeg
610,28620.jpeg
611,37409.jpeg
612,41616.jpeg
613,48752.jpeg
614,1600.jpeg
615,8849.jpeg
616,23601.jpeg
617,18083.jpeg
618,1753.jpeg
619,49347.jpeg
620,23103.jpeg
621,52030.jpeg
622,52845.jpeg
623,12113.jpeg
624,15476.jpeg
625,38872.jpeg
626,47046.jpeg
627,42979.jpeg
628,642.jpeg
629,52590.jpeg
630,9748.jpeg
631,43580.jpeg
632,52146.jpeg
633,23078.jpeg
634,18895.jpeg
635,49101.jpeg
636,41332.jpeg
637,29180.jpeg
638,34254.jpeg
639,41007.jpeg
640,15933.jpeg
641,48523.jpeg
642,3555.jpeg
643,16341.jpeg
644,40456.jpeg
645,34848.jpeg
646,17231.jpeg
647,49372.jpeg
648,39110.jpeg
649,10757.jpeg
650,4972.jpeg
651,52309.jpeg
652,39523.jpeg
653,5235.jpeg
654,51347.jpeg
655,15280.jpeg
656,508.jpeg
657,18873.jpeg
658,47254.jpeg
659,39944.jpeg
660,9513.jpeg
661,22754.jpeg
662,7024.jpeg
663,26026.jpeg
664,20238.jpeg
665,5700.jpeg
666,45834.jpeg
667,53642.jpeg
668,10702.jpeg
669,11815.jpeg
670,10476.jpeg
671,42025.jpeg
672,20969.jpeg
673,13956.jpeg
674,39925.jpeg
675,23931.jpeg
676,6811.jpeg
677,13851.jpeg
678,46071.jpeg
679,31318.jpeg
680,35970.jpeg
681,29878.jpeg
682,36202.jpeg
683,32307.jpeg
684,16429.jpeg
685,47399.jpeg
686,27258.jpeg
687,46719.jpeg
688,37342.jpeg
689,31903.jpeg
690,13225.jpeg
691,14893.jpeg
692,682.jpeg
693,37119.jpeg
694,48501.jpeg
695,23317.jpeg
696,40563.jpeg
697,40709.jpeg
698,10630.jpeg
699,28169.jpeg
700,2425.jpeg
701,46278.jpeg
702,20341.jpeg
703,39939.jpeg
704,35227.jpeg
705,54536.jpeg
706,35250.jpeg
707,29560.jpeg
708,6310.jpeg
709,1659.jpeg
710,33687.jpeg
711,38592.jpeg
712,16284.jpeg
713,54993.jpeg
714,2722.jpeg
715,46277.jpeg
716,2568.jpeg
717,29707.jpeg
718,39329.jpeg
719,34443.jpeg
720,36622.jpeg
721,14035.jpeg
722,44743.jpeg
723,53936.jpeg
724,27998.jpeg
725,27482.jpeg
726,32782.jpeg
727,33022.jpeg
728,33440.jpeg
729,47657.jpeg
730,19463.jpeg
731,4428.jpeg
732,38615.jpeg
733,30746.jpeg
734,28108.jpeg
735,44272.jpeg
736,46112.jpeg
737,14021.jpeg
738,2735.jpeg
739,14583.jpeg
740,12003.jpeg
741,37350.jpeg
742,38727.jpeg
743,4138.jpeg
744,43943.jpeg
745,1213.jpeg
746,23416.jpeg
747,24149.jpeg
748,42588.jpeg
749,50939.jpeg
750,18500.jpeg
751,46231.jpeg
752,35275.jpeg
753,32136.jpeg
754,5506.jpeg
755,36100.jpeg
756,48055.jpeg
757,54919.jpeg
758,46594.jpeg
759,11575.jpeg
760,51360.jpeg
761,22447.jpeg
762,12436.jpeg
763,41123.jpeg
764,36681.jpeg
765,31940.jpeg
766,18626.jpeg
767,40152.jpeg
768,25271.jpeg
769,35617.jpeg
770,14735.jpeg
771,35493.jpeg
772,52646.jpeg
773,40208.jpeg
774,6415.jpeg
775,38962.jpeg
776,11413.jpeg
777,22782.jpeg
778,45285.jpeg
779,7244.jpeg
780,6530.jpeg
781,179.jpeg
782,11941.jpeg
783,30168.jpeg
784,20749.jpeg
785,49043.jpeg
786,13554.jpeg
787,4824.jpeg
788,20107.jpeg
789,33313.jpeg
790,32739.jpeg
791,6865.jpeg
792,30393.jpeg
793,20056.jpeg
794,43922.jpeg
795,43365.jpeg
796,51804.jpeg
797,3132.jpeg
798,11359.jpeg
799,4544.jpeg
800,8195.jpeg
801,35904.jpeg
802,2930.jpeg
803,33896.jpeg
804,34037.jpeg
805,10418.jpeg
806,24383.jpeg
807,37987.jpeg
808,40022.jpeg
809,6382.jpeg
810,26022.jpeg
811,30630.jpeg
812,28335.jpeg
813,42283.jpeg
814,23523.jpeg
815,37085.jpeg
816,6257.jpeg
817,34679.jpeg
818,23378.jpeg
819,25006.jpeg
820,14341.jpeg
821,26135.jpeg
822,1686.jpeg
823,27309.jpeg
824,46060.jpeg
825,7540.jpeg
826,54503.jpeg
827,41213.jpeg
828,40827.jpeg
829,4609.jpeg
830,13888.jpeg
831,36176.jpeg
832,34934.jpeg
833,4676.jpeg
834,6878.jpeg
835,21348.jpeg
836,1057.jpeg
837,36772.jpeg
838,53555.jpeg
839,6598.jpeg
840,25912.jpeg
841,52128.jpeg
842,35229.jpeg
843,4018.jpeg
844,26664.jpeg
845,17141.jpeg
846,11232.jpeg
847,48170.jpeg
848,29643.jpeg
849,22793.jpeg
850,9777.jpeg
851,17303.jpeg
852,25747.jpeg
853,48180.jpeg
854,48248.jpeg
855,28923.jpeg
856,5464.jpeg
857,46130.jpeg
858,7400.jpeg
859,12373.jpeg
860,7484.jpeg
861,14605.jpeg
862,52402.jpeg
863,18370.jpeg
864,40598.jpeg
865,10872.jpeg
866,31758.jpeg
867,36705.jpeg
868,8768.jpeg
869,14054.jpeg
870,2878.jpeg
871,7514.jpeg
872,35211.jpeg
873,25358.jpeg
874,43128.jpeg
875,44692.jpeg
876,14759.jpeg
877,12603.jpeg
878,44972.jpeg
879,33096.jpeg
880,18762.jpeg
881,32746.jpeg
882,11223.jpeg
883,34309.jpeg
884,39663.jpeg
885,48965.jpeg
886,31451.jpeg
887,44751.jpeg
888,47290.jpeg
889,29895.jpeg
890,24346.jpeg
891,14623.jpeg
892,14321.jpeg
893,26376.jpeg
894,36261.jpeg
895,14248.jpeg
896,18836.jpeg
897,762.jpeg
898,9351.jpeg
899,9788.jpeg
900,9549.jpeg
901,35518.jpeg
902,14264.jpeg
903,35575.jpeg
904,25891.jpeg
905,38408.jpeg
906,39128.jpeg
907,40615.jpeg
908,15725.jpeg
909,52916.jpeg
910,21282.jpeg
911,23204.jpeg
912,43207.jpeg
913,11858.jpeg
914,6627.jpeg
915,20135.jpeg
916,1079.jpeg
917,9743.jpeg
918,3012.jpeg
919,27948.jpeg
920,36518.jpeg
921,3563.jpeg
922,37033.jpeg
923,34284.jpeg
924,2022.jpeg
925,23182.jpeg
926,24584.jpeg
927,43926.jpeg
928,14513.jpeg
929,19045.jpeg
930,22586.jpeg
931,16149.jpeg
932,11982.jpeg
933,16195.jpeg
934,17616.jpeg
935,16327.jpeg
936,28996.jpeg
937,10188.jpeg
938,13277.jpeg
939,17080.jpeg
940,29512.jpeg
941,14731.jpeg
942,9422.jpeg
943,39675.jpeg
944,29739.jpeg
945,19476.jpeg
946,33119.jpeg
947,27774.jpeg
948,19039.jpeg
949,795.jpeg
950,10361.jpeg
951,45881.jpeg
952,12774.jpeg
953,49725.jpeg
954,32443.jpeg
955,11747.jpeg
956,42608.jpeg
957,16443.jpeg
958,4359.jpeg
959,10464.jpeg
960,3147.jpeg
961,16328.jpeg
962,13020.jpeg
963,29685.jpeg
964,19851.jpeg
965,44512.jpeg
966,10807.jpeg
967,36589.jpeg
968,13691.jpeg
969,46415.jpeg
970,6567.jpeg
971,17795.jpeg
972,13324.jpeg
973,15677.jpeg
974,24216.jpeg
975,38152.jpeg
976,1736.jpeg
977,34641.jpeg
978,5277.jpeg
979,54377.jpeg
980,3915.jpeg
981,8151.jpeg
982,47502.jpeg
983,13488.jpeg
984,22962.jpeg
985,26139.jpeg
986,18483.jpeg
987,9920.jpeg
988,49770.jpeg
989,23050.jpeg
990,47822.jpeg
991,23043.jpeg
992,38030.jpeg
993,10723.jpeg
994,2577.jpeg
995,45739.jpeg
996,37892.jpeg
997,13329.jpeg
998,163.jpeg
999,16257.jpeg
